92361835470143489
92361835470143490
92361835470143491
92361835470143492
92361835470143493
92361835470143494
92361835470143495
92361835470143496
92361835470143497
92361835470143498
92361835470143499
92361835470143500
92361835470143501
92361835470143502
92361835470143503
92361835470143504
92361835470143505
92361835470143506
92361835470143507
92361835470143508
92361835470143509
92361835470143510
92361835470143511
92361835470143512
92361835470143513
92361835470143514
92361835470143515
92361835470143516
92361835470143517
92361835470143518
92361835470143519
92361835470143520
92361835470143521
92361835470143522
92361835470143523
92361835470143524
92361835470143525
92361835470143526
92361835470143527
92361835470143528
92361835470143529
92361835470143530
92361835470143531
92361835470143532
92361835470143533
92361835470143534
92361835470143535
92361835470143536
92361835470143537
92361835470143538
92361835470143539
92361835470143540
92361835470143541
92361835470143542
92361835470143543
92361835470143544
92361835470143545
92361835470143546
92361835470143547
92361835470143548
92361835470143549
92361835470143550
92361835470143551
92361835470143552
92361835470143553
92361835470143554
92361835470143555
92361835470143556
92361835470143557
92361835470143558
92361835470143559
92361835470143560
92361835470143561
92361835470143562
92361835470143563
92361835470143564
92361835470143565
92361835470143566
92361835470143567
92361835470143568
92361835470143569
92361835470143570
92361835470143571
92361835470143572
92361835470143573
92361835470143574
92361835470143575
92361835470143576
92361835470143577
92361835470143578
92361835470143579
92361835470143580
92361835470143581
92361835470143582
92361835470143583
92361835470143584
92361835470143585
92361835470143586
92361835470143587
92361835470143588
